11	30
0.50359941074791492
0.95313969377077234
0.046075782230858543
0.59999869301242237
0.91373287963051009
0.8058317968280736
0.59214450535391971
0.80000098023901511
0.4063154251097732
0.30253053425821042
10
2.0259342804066638e-11
1.0491641535512222e-11
2.7719426836405776e-10
1.6666702797581791e-11
1.0944117628053923e-11
1.240953761690711e-11
1.6887769265618013e-11
1.2499984495440034e-11
2.4611419311167101e-11
3.3054512728890384e-11
1.1111111051924921e-12
1.05303054639722e-12
2.1340013607083864e-10
1.0046288951483431e-12
2.4999917455890088e-11
1.1591897837209548e-10
5.1501733160798291e-11
2.451848746123787e-11
5.0000243074418441e-11
1.6843961533040275e-11
1.4337545178137788e-11
0.00016105299482574442
-0.21915195546398536
1.7667311461183317
0.93274769610528097
0.69949806371863898
2.272521708547572
345072394780.63452
414085971725.01331
-4.9954396411791162
